image: irl_house.pgm
resolution: 0.050000
origin: [-3.372889, -3.302137, 0.000000]
negate: 0
occupied_thresh: 0.65
free_thresh: 0.196

